-9974
-9971
-9971
-9961
-9958
-9958
-9946
-9945
-9943
-9941
-9926
-9876
-9859
-9857
-9856
-9851
-9846
-9839
-9823
-9806
-9783
-9776
-9764
-9739
-9711
-9707
-9699
-9696
-9683
-9672
-9670
-9664
-9643
-9582
-9574
-9572
-9548
-9532
-9526
-9518
-9516
-9513
-9508
-9496
-9461
-9442
-9418
-9398
-9397
-9391
-9390
-9389
-9372
-9349
-9327
-9309
-9288
-9251
-9249
-9221
-9215
-9211
-9200
-9173
-9147
-9124
-9110
-9099
-9088
-9087
-9085
-9053
-8995
-8983
-8982
-8981
-8973
-8928
-8918
-8900
-8885
-8879
-8868
-8866
-8849
-8845
-8799
-8777
-8777
-8735
-8717
-8680
-8644
-8635
-8583
-8582
-8573
-8568
-8541
-8539
-8484
-8478
-8460
-8460
-8456
-8455
-8453
-8450
-8412
-8411
-8374
-8373
-8373
-8364
-8362
-8349
-8344
-8339
-8320
-8304
-8280
-8276
-8274
-8272
-8247
-8241
-8236
-8235
-8230
-8167
-8157
-8130
-8117
-8114
-8075
-8073
-8053
-8050
-8045
-8024
-8006
-8000
-7988
-7954
-7917
-7911
-7874
-7856
-7845
-7838
-7831
-7827
-7808
-7779
-7776
-7765
-7719
-7702
-7696
-7693
-7675
-7643
-7636
-7631
-7612
-7589
-7585
-7578
-7570
-7532
-7516
-7515
-7489
-7466
-7449
-7449
-7410
-7405
-7401
-7399
-7392
-7379
-7374
-7374
-7365
-7352
-7350
-7340
-7335
-7331
-7329
-7304
-7297
-7294
-7273
-7257
-7240
-7200
-7199
-7185
-7150
-7148
-7134
-7131
-7110
-7085
-7069
-7056
-7036
-7028
-7004
-6964
-6960
-6925
-6906
-6897
-6846
-6804
-6803
-6802
-6799
-6782
-6778
-6753
-6727
-6717
-6702
-6690
-6680
-6656
-6640
-6606
-6569
-6565
-6512
-6472
-6451
-6442
-6438
-6415
-6397
-6376
-6374
-6352
-6343
-6323
-6271
-6262
-6246
-6244
-6241
-6223
-6211
-6193
-6187
-6170
-6168
-6167
-6154
-6151
-6148
-6147
-6129
-6121
-6097
-6062
-6040
-6027
-6021
-6012
-6006
-5977
-5970
-5968
-5958
-5957
-5948
-5915
-5914
-5900
-5869
-5855
-5843
-5830
-5819
-5816
-5813
-5786
-5777
-5769
-5726
-5686
-5686
-5648
-5643
-5628
-5626
-5609
-5605
-5585
-5575
-5569
-5534
-5526
-5525
-5514
-5514
-5510
-5463
-5443
-5434
-5403
-5402
-5372
-5360
-5350
-5335
-5332
-5324
-5321
-5318
-5313
-5306
-5265
-5254
-5242
-5232
-5231
-5224
-5220
-5197
-5172
-5166
-5143
-5113
-5061
-5059
-5055
-5052
-5050
-5033
-5028
-5024
-4997
-4978
-4969
-4950
-4928
-4926
-4924
-4911
-4902
-4891
-4890
-4814
-4798
-4793
-4750
-4734
-4729
-4685
-4651
-4597
-4587
-4575
-4563
-4552
-4545
-4514
-4490
-4464
-4462
-4456
-4451
-4451
-4443
-4437
-4434
-4410
-4398
-4378
-4371
-4370
-4369
-4337
-4331
-4300
-4294
-4293
-4293
-4277
-4264
-4238
-4213
-4174
-4174
-4170
-4155
-4124
-4100
-4061
-4047
-4008
-4005
-4002
-4002
-3961
-3940
-3927
-3922
-3885
-3869
-3845
-3844
-3825
-3808
-3797
-3775
-3765
-3734
-3729
-3712
-3706
-3699
-3696
-3695
-3690
-3665
-3640
-3636
-3589
-3588
-3580
-3577
-3570
-3560
-3559
-3535
-3532
-3522
-3521
-3516
-3510
-3506
-3498
-3494
-3488
-3464
-3459
-3458
-3440
-3422
-3382
-3381
-3347
-3345
-3301
-3295
-3294
-3270
-3258
-3221
-3131
-3129
-3099
-3097
-3089
-3076
-3074
-3037
-3036
-3029
-2961
-2931
-2910
-2889
-2870
-2846
-2841
-2835
-2799
-2737
-2714
-2650
-2648
-2623
-2614
-2608
-2566
-2558
-2552
-2551
-2512
-2509
-2492
-2481
-2469
-2408
-2405
-2403
-2394
-2387
-2383
-2380
-2374
-2372
-2354
-2288
-2245
-2242
-2185
-2184
-2128
-2117
-2106
-2099
-2060
-2050
-2041
-2016
-1989
-1979
-1976
-1971
-1928
-1924
-1916
-1886
-1883
-1853
-1822
-1786
-1745
-1743
-1739
-1718
-1712
-1709
-1702
-1701
-1686
-1680
-1677
-1675
-1639
-1634
-1619
-1565
-1534
-1522
-1519
-1509
-1507
-1495
-1480
-1478
-1473
-1428
-1381
-1348
-1316
-1313
-1309
-1306
-1295
-1294
-1286
-1276
-1253
-1240
-1129
-1090
-1067
-1057
-989
-989
-987
-959
-857
-838
-830
-828
-824
-798
-785
-767
-710
-706
-686
-685
-684
-664
-661
-648
-642
-640
-637
-625
-503
-496
-488
-487
-485
-484
-457
-442
-433
-423
-421
-398
-381
-355
-341
-340
-323
-264
-258
-241
-235
-218
-210
-208
-186
-183
-167
-146
-143
-129
-105
-97
-94
-69
-44
-42
-38
-38
-26
5
9
22
41
68
76
82
95
108
113
117
147
177
190
193
196
203
214
229
286
292
305
323
335
354
384
467
525
529
549
556
586
676
697
713
773
809
816
835
838
840
879
894
902
934
976
1003
1005
1009
1021
1024
1062
1076
1103
1109
1113
1117
1125
1174
1187
1193
1198
1225
1242
1248
1259
1288
1318
1324
1324
1331
1334
1338
1343
1363
1423
1428
1463
1463
1478
1479
1512
1539
1558
1586
1601
1629
1636
1675
1702
1785
1820
1834
1841
1904
1930
1936
1943
2000
2044
2045
2053
2054
2062
2165
2170
2172
2182
2194
2211
2228
2250
2259
2264
2272
2288
2293
2317
2318
2358
2383
2393
2393
2406
2424
2441
2456
2509
2527
2530
2551
2593
2606
2611
2624
2638
2639
2664
2674
2680
2687
2704
2718
2723
2728
2735
2759
2761
2819
2836
2844
2860
2897
2939
2942
2950
2994
3008
3023
3031
3032
3062
3065
3143
3170
3187
3262
3291
3358
3402
3453
3459
3585
3649
3654
3695
3830
3932
3967
3972
3978
3986
3986
4009
4016
4019
4147
4182
4257
4271
4296
4310
4311
4344
4370
4414
4424
4461
4475
4486
4605
4607
4626
4689
4701
4737
4772
4799
4888
4894
4903
4925
4933
4946
4956
4963
4990
5007
5118
5142
5146
5186
5206
5256
5263
5265
5282
5351
5458
5499
5574
5575
5630
5725
5749
5760
5791
5882
5891
5945
6037
6086
6106
6119
6140
6143
6203
6216
6280
6283
6304
6414
6424
6513
6520
6542
6550
6566
6635
6642
6688
6828
6859
6942
6945
6963
6973
7036
7087
7104
7111
7190
7193
7223
7254
7372
7399
7411
7422
7438
7452
7506
7547
7550
7579
7674
7714
7774
7808
7826
7842
7862
7865
7871
7914
7959
7965
8008
8036
8061
8088
8115
8116
8128
8133
8191
8231
8241
8331
8444
8468
8539
8541
8585
8589
8637
8652
8652
8663
8679
8697
8717
8757
8763
8787
8788
8824
8876
8897
8936
8959
9009
9038
9073
9091
9157
9170
9188
9265
9315
9354
9358
9370
9376
9406
9498
9559
9590
9630
9669
9691
9712
9719
9797
9802
9816
9856
9867
9896
9913
9924
9955
9977
